# Columns: P1_travel_time  S1_travel_time  (S1-P1)  distance_deg  depth_km
0.000000	0.000000	0.000700	0.00	0.00
3.834300	6.427500	2.593200	0.20	0.00
7.668600	12.854900	5.186300	0.40	0.00
11.502900	19.282300	7.779400	0.60	0.00
15.337100	25.709600	10.372500	0.80	0.00
19.171300	32.136900	12.965600	1.00	0.00
23.005400	38.564000	15.558600	1.20	0.00
26.774600	44.991000	18.216400	1.40	0.00
29.525300	50.877900	21.352600	1.60	0.00
32.276100	55.814500	23.538400	1.80	0.00
35.026700	60.750900	25.724200	2.00	0.00
37.777400	65.687200	27.909800	2.20	0.00
40.527900	70.623300	30.095400	2.40	0.00
43.278400	75.559300	32.280900	2.60	0.00
46.028700	80.494900	34.466200	2.80	0.00
48.779000	85.430400	36.651400	3.00	0.00
51.529200	90.365500	38.836300	3.20	0.00
54.279200	95.300400	41.021200	3.40	0.00
57.029100	100.234900	43.205800	3.60	0.00
59.778800	105.169000	45.390200	3.80	0.00
62.528400	110.102800	47.574400	4.00	0.00
65.277900	115.036100	49.758200	4.20	0.00
68.027100	119.969000	51.941900	4.40	0.00
70.776200	124.901400	54.125200	4.60	0.00
73.525100	129.833400	56.308300	4.80	0.00
76.273800	134.764800	58.491000	5.00	0.00
79.022300	139.695600	60.673300	5.20	0.00
81.770500	144.625900	62.855400	5.40	0.00
84.518500	149.555600	65.037100	5.60	0.00
87.266300	154.484600	67.218300	5.80	0.00
90.013800	159.413000	69.399200	6.00	0.00
92.761100	164.340700	71.579600	6.20	0.00
95.508100	169.267700	73.759600	6.40	0.00
98.254800	174.194000	75.939200	6.60	0.00
101.001200	179.119500	78.118300	6.80	0.00
103.747300	184.044200	80.296900	7.00	0.00
106.493000	188.968100	82.475100	7.20	0.00
109.238500	193.891100	84.652600	7.40	0.00
111.983700	198.813300	86.829600	7.60	0.00
114.728500	203.734600	89.006100	7.80	0.00
117.472900	208.654900	91.182000	8.00	0.00
120.217000	213.574300	93.357300	8.20	0.00
122.960700	218.492700	95.532000	8.40	0.00
125.704000	223.410200	97.706200	8.60	0.00
128.446900	228.326600	99.879700	8.80	0.00
131.189400	233.241900	102.052500	9.00	0.00
133.931500	238.156100	104.224600	9.20	0.00
136.673200	243.069300	106.396100	9.40	0.00
139.414500	247.981300	108.566800	9.60	0.00
142.155300	252.892100	110.736800	9.80	0.00
144.895600	257.801800	112.906200	10.00	0.00
147.635500	262.710200	115.074700	10.20	0.00
150.374900	267.617400	117.242500	10.40	0.00
153.113900	272.523300	119.409400	10.60	0.00
155.852300	277.427900	121.575600	10.80	0.00
158.590300	282.331200	123.740900	11.00	0.00
161.327700	287.233200	125.905500	11.20	0.00
164.064600	292.133800	128.069200	11.40	0.00
166.801000	297.033000	130.232000	11.60	0.00
169.536800	301.930700	132.393900	11.80	0.00
172.272100	306.827000	134.554900	12.00	0.00
175.006800	311.721800	136.715000	12.20	0.00
177.741000	316.615100	138.874100	12.40	0.00
180.474500	321.506900	141.032400	12.60	0.00
183.207500	326.397100	143.189600	12.80	0.00
185.939800	331.285800	145.346000	13.00	0.00
188.671500	336.172800	147.501300	13.20	0.00
191.402600	341.058200	149.655600	13.40	0.00
194.133100	345.941900	151.808800	13.60	0.00
196.862900	350.823900	153.961000	13.80	0.00
199.592100	355.704200	156.112100	14.00	0.00
202.320600	360.582800	158.262200	14.20	0.00
205.048400	365.459500	160.411100	14.40	0.00
207.775700	370.334500	162.558800	14.60	0.00
210.502200	375.207600	164.705400	14.80	0.00
213.228000	380.078900	166.850900	15.00	0.00
215.920700	384.948300	169.027600	15.20	0.00
218.550600	389.815900	171.265300	15.40	0.00
221.169500	394.681500	173.512000	15.60	0.00
223.776600	399.545200	175.768600	15.80	0.00
226.371000	404.407000	178.036000	16.00	0.00
228.951900	409.266900	180.315000	16.20	0.00
231.518100	414.124700	182.606600	16.40	0.00
234.068500	418.980700	184.912200	16.60	0.00
236.604100	423.834600	187.230500	16.80	0.00
239.126600	428.686600	189.560000	17.00	0.00
241.637300	433.536700	191.899400	17.20	0.00
244.136800	438.384800	194.248000	17.40	0.00
246.625900	443.230900	196.605000	17.60	0.00
249.105100	448.075100	198.970000	17.80	0.00
251.574800	452.917400	201.342600	18.00	0.00
254.035200	457.757700	203.722500	18.20	0.00
256.486300	462.595900	206.109600	18.40	0.00
258.762500	467.432200	208.669700	18.60	0.00
260.961200	472.266300	211.305100	18.80	0.00
263.157600	477.098400	213.940800	19.00	0.00
265.351400	481.928400	216.577000	19.20	0.00
267.542300	486.756200	219.213900	19.40	0.00
269.730300	491.581800	221.851500	19.60	0.00
271.915300	495.768700	223.853400	19.80	0.00
274.097000	499.772000	225.675000	20.00	0.00
276.275400	503.767100	227.491700	20.20	0.00
278.450300	507.753700	229.303400	20.40	0.00
280.621600	511.731400	231.109800	20.60	0.00
282.789000	515.700000	232.911000	20.80	0.00
284.952500	519.658900	234.706400	21.00	0.00
287.111900	523.607800	236.495900	21.20	0.00
289.267100	527.546500	238.279400	21.40	0.00
291.417900	531.474500	240.056600	21.60	0.00
293.564200	535.391700	241.827500	21.80	0.00
295.705900	539.297500	243.591600	22.00	0.00
297.842900	543.191800	245.348900	22.20	0.00
299.975000	547.074300	247.099300	22.40	0.00
302.102300	550.944800	248.842500	22.60	0.00
304.224300	554.614400	250.390100	22.80	0.00
306.341200	557.882600	251.541400	23.00	0.00
308.452900	561.145300	252.692400	23.20	0.00
310.559000	564.402500	253.843500	23.40	0.00
312.650600	567.654500	255.003900	23.60	0.00
314.480200	570.901100	256.420900	23.80	0.00
316.308500	574.142600	257.834100	24.00	0.00
318.135300	577.378700	259.243400	24.20	0.00
319.960700	580.609600	260.648900	24.40	0.00
321.784500	583.834400	262.049900	24.60	0.00
323.606800	587.052200	263.445400	24.80	0.00
325.427300	590.261700	264.834400	25.00	0.00
327.246300	593.460000	266.213700	25.20	0.00
329.063500	596.639900	267.576400	25.40	0.00
330.879100	599.808700	268.929600	25.60	0.00
332.692900	602.974500	270.281600	25.80	0.00
334.504900	606.138100	271.633200	26.00	0.00
336.315100	609.299800	272.984700	26.20	0.00
338.123400	612.459900	274.336500	26.40	0.00
339.929800	615.618500	275.688700	26.60	0.00
341.734100	618.775600	277.041500	26.80	0.00
343.536200	621.931600	278.395400	27.00	0.00
345.335800	625.086400	279.750600	27.20	0.00
347.132600	628.239900	281.107300	27.40	0.00
348.926500	631.392500	282.466000	27.60	0.00
350.716800	634.543800	283.827000	27.80	0.00
352.503800	637.694200	285.190400	28.00	0.00
354.288400	640.843400	286.555000	28.20	0.00
356.070800	643.991600	287.920800	28.40	0.00
357.851300	647.138700	289.287400	28.60	0.00
359.630300	650.284900	290.654600	28.80	0.00
361.407600	653.429900	292.022300	29.00	0.00
363.183500	656.573900	293.390400	29.20	0.00
364.958000	659.716800	294.758800	29.40	0.00
366.731300	662.858600	296.127300	29.60	0.00
368.503200	665.999200	297.496000	29.80	0.00
370.274000	669.138700	298.864700	30.00	0.00
372.043500	672.276700	300.233200	30.20	0.00
373.811900	675.413500	301.601600	30.40	0.00
375.578900	678.548700	302.969800	30.60	0.00
377.344800	681.682400	304.337600	30.80	0.00
379.109500	684.814500	305.705000	31.00	0.00
380.872900	687.944800	307.071900	31.20	0.00
382.635000	691.073100	308.438100	31.40	0.00
384.395900	694.199500	309.803600	31.60	0.00
386.155500	697.323700	311.168200	31.80	0.00
387.913600	700.446000	312.532400	32.00	0.00
389.670300	703.566000	313.895700	32.20	0.00
391.425400	706.683700	315.258300	32.40	0.00
393.178900	709.799000	316.620100	32.60	0.00
394.930700	712.911700	317.981000	32.80	0.00
396.680600	716.021900	319.341300	33.00	0.00
398.428500	719.129200	320.700700	33.20	0.00
400.174300	722.233900	322.059600	33.40	0.00
401.917800	725.335800	323.418000	33.60	0.00
403.659200	728.434900	324.775700	33.80	0.00
405.398200	731.531000	326.132800	34.00	0.00
407.134800	734.624300	327.489500	34.20	0.00
408.869000	737.714500	328.845500	34.40	0.00
410.600700	740.801700	330.201000	34.60	0.00
412.330100	743.885700	331.555600	34.80	0.00
414.057000	746.966800	332.909800	35.00	0.00
415.781500	750.044700	334.263200	35.20	0.00
417.503700	753.119400	335.615700	35.40	0.00
419.223300	756.191000	336.967700	35.60	0.00
420.940600	759.259500	338.318900	35.80	0.00
422.655500	762.324900	339.669400	36.00	0.00
424.367900	765.387000	341.019100	36.20	0.00
426.077900	768.446000	342.368100	36.40	0.00
427.785400	771.501600	343.716200	36.60	0.00
429.490400	774.554100	345.063700	36.80	0.00
431.193000	777.603300	346.410300	37.00	0.00
432.893000	780.649200	347.756200	37.20	0.00
434.590500	783.691800	349.101300	37.40	0.00
436.285500	786.730900	350.445400	37.60	0.00
437.978000	789.766700	351.788700	37.80	0.00
439.667800	792.799100	353.131300	38.00	0.00
441.355100	795.827900	354.472800	38.20	0.00
443.039800	798.853400	355.813600	38.40	0.00
444.721800	801.875200	357.153400	38.60	0.00
446.401200	804.893600	358.492400	38.80	0.00
448.077900	807.908400	359.830500	39.00	0.00
449.751900	808.744900	358.993000	39.20	0.00
451.423200	809.516600	358.093400	39.40	0.00
453.091800	810.290400	357.198600	39.60	0.00
454.757600	811.066400	356.308800	39.80	0.00
456.420700	811.844400	355.423700	40.00	0.00
458.081100	812.624600	354.543500	40.20	0.00
459.738700	813.406700	353.668000	40.40	0.00
461.393600	814.191000	352.797400	40.60	0.00
463.045700	814.977200	351.931500	40.80	0.00
464.695200	815.765400	351.070200	41.00	0.00
466.341900	816.555600	350.213700	41.20	0.00
467.985900	817.347700	349.361800	41.40	0.00
469.627200	818.141800	348.514600	41.60	0.00
471.265700	818.937800	347.672100	41.80	0.00
472.901500	819.735700	346.834200	42.00	0.00
474.534600	820.535500	346.000900	42.20	0.00
476.164900	821.337000	345.172100	42.40	0.00
477.792300	822.140400	344.348100	42.60	0.00
479.417100	822.945600	343.528500	42.80	0.00
481.039000	823.752600	342.713600	43.00	0.00
482.658000	824.561400	341.903400	43.20	0.00
484.274300	825.371900	341.097600	43.40	0.00
485.887700	826.184100	340.296400	43.60	0.00
487.498300	826.998000	339.499700	43.80	0.00
489.106100	827.813600	338.707500	44.00	0.00
490.711000	828.630900	337.919900	44.20	0.00
492.313000	829.449800	337.136800	44.40	0.00
493.912200	830.270200	336.358000	44.60	0.00
495.508600	831.092300	335.583700	44.80	0.00
497.102100	831.916000	334.813900	45.00	0.00
498.692700	832.741100	334.048400	45.20	0.00
500.280400	833.567900	333.287500	45.40	0.00
501.865200	834.396100	332.530900	45.60	0.00
503.447300	835.225800	331.778500	45.80	0.00
505.026400	836.057000	331.030600	46.00	0.00
506.602600	836.889600	330.287000	46.20	0.00
508.175900	837.723700	329.547800	46.40	0.00
509.746300	838.559200	328.812900	46.60	0.00
511.313800	839.396100	328.082300	46.80	0.00
512.878500	840.234300	327.355800	47.00	0.00
514.440200	841.073900	326.633700	47.20	0.00
515.999100	841.914700	325.915600	47.40	0.00
517.555100	842.757000	325.201900	47.60	0.00
519.108200	843.600400	324.492200	47.80	0.00
520.658300	844.445200	323.786900	48.00	0.00
522.205600	845.291200	323.085600	48.20	0.00
523.749900	846.138400	322.388500	48.40	0.00
525.291400	846.986800	321.695400	48.60	0.00
526.830000	847.836400	321.006400	48.80	0.00
528.365600	848.687200	320.321600	49.00	0.00
529.898300	849.539100	319.640800	49.20	0.00
531.428000	850.392200	318.964200	49.40	0.00
532.954900	851.246300	318.291400	49.60	0.00
534.478900	852.101500	317.622600	49.80	0.00
535.999900	852.957800	316.957900	50.00	0.00
537.517900	853.815200	316.297300	50.20	0.00
539.033100	854.673600	315.640500	50.40	0.00
540.545300	855.532900	314.987600	50.60	0.00
542.054600	856.393300	314.338700	50.80	0.00
543.560900	857.254600	313.693700	51.00	0.00
545.064400	858.116900	313.052500	51.20	0.00
546.564800	858.980200	312.415400	51.40	0.00
548.062400	859.844400	311.782000	51.60	0.00
549.557200	860.709400	311.152200	51.80	0.00
551.049100	861.575300	310.526200	52.00	0.00
552.538100	862.442100	309.904000	52.20	0.00
554.024200	863.309700	309.285500	52.40	0.00
555.507600	864.178100	308.670500	52.60	0.00
556.988100	865.047400	308.059300	52.80	0.00
558.465700	865.917400	307.451700	53.00	0.00
559.940500	866.788300	306.847800	53.20	0.00
561.412500	867.659800	306.247300	53.40	0.00
562.881400	868.532100	305.650700	53.60	0.00
564.347500	869.405100	305.057600	53.80	0.00
565.810700	870.278800	304.468100	54.00	0.00
567.271100	871.153200	303.882100	54.20	0.00
568.728400	872.028200	303.299800	54.40	0.00
570.182700	872.903900	302.721200	54.60	0.00
571.634200	873.780300	302.146100	54.80	0.00
573.082600	874.657200	301.574600	55.00	0.00
574.528100	875.534700	301.006600	55.20	0.00
575.970600	876.412800	300.442200	55.40	0.00
577.410200	877.291500	299.881300	55.60	0.00
578.846700	878.170700	299.324000	55.80	0.00
580.280400	879.050500	298.770100	56.00	0.00
581.711100	879.930700	298.219600	56.20	0.00
583.138800	880.811500	297.672700	56.40	0.00
584.563600	881.692700	297.129100	56.60	0.00
585.985500	882.574500	296.589000	56.80	0.00
587.404500	883.456500	296.052000	57.00	0.00
588.820600	884.339200	295.518600	57.20	0.00
590.233800	885.222200	294.988400	57.40	0.00
591.644000	886.105600	294.461600	57.60	0.00
593.051400	886.989400	293.938000	57.80	0.00
594.455900	887.873700	293.417800	58.00	0.00
595.857500	888.758200	292.900700	58.20	0.00
597.256200	889.643100	292.386900	58.40	0.00
598.651900	890.528300	291.876400	58.60	0.00
600.044900	891.413800	291.368900	58.80	0.00
601.434800	892.299700	290.864900	59.00	0.00
602.821800	893.185800	290.364000	59.20	0.00
604.205900	894.072100	289.866200	59.40	0.00
605.587000	894.958900	289.371900	59.60	0.00
606.965300	895.845800	288.880500	59.80	0.00
608.340600	896.732800	288.392200	60.00	0.00
609.712900	897.620200	287.907300	60.20	0.00
611.082300	898.507800	287.425500	60.40	0.00
612.448700	899.395500	286.946800	60.60	0.00
613.812100	900.283400	286.471300	60.80	0.00
615.172700	901.171600	285.998900	61.00	0.00
616.530200	902.059800	285.529600	61.20	0.00
617.884900	902.948200	285.063300	61.40	0.00
619.236600	903.836700	284.600100	61.60	0.00
620.585400	904.725300	284.139900	61.80	0.00
621.931300	905.614100	283.682800	62.00	0.00
623.274400	906.502900	283.228500	62.20	0.00
624.614500	907.391800	282.777300	62.40	0.00
625.951700	908.280800	282.329100	62.60	0.00
627.286100	909.169800	281.883700	62.80	0.00
628.617600	910.058900	281.441300	63.00	0.00
629.946200	910.948000	281.001800	63.20	0.00
631.272000	911.837100	280.565100	63.40	0.00
632.594800	1147.472900	514.878100	63.60	0.00
633.915000	1149.962300	516.047300	63.80	0.00
635.232200	1152.447000	517.214800	64.00	0.00
636.546500	1154.927200	518.380700	64.20	0.00
637.858000	1157.403200	519.545200	64.40	0.00
639.166600	1159.874500	520.707900	64.60	0.00
640.472400	1162.341200	521.868800	64.80	0.00
641.775200	1164.803500	523.028300	65.00	0.00
643.075300	1167.261100	524.185800	65.20	0.00
644.372400	1169.714400	525.342000	65.40	0.00
645.666600	1172.163000	526.496400	65.60	0.00
646.958000	1174.607200	527.649200	65.80	0.00
648.246400	1177.046800	528.800400	66.00	0.00
649.531900	1179.481800	529.949900	66.20	0.00
650.814600	1181.912400	531.097800	66.40	0.00
652.094400	1184.338500	532.244100	66.60	0.00
653.371300	1186.759900	533.388600	66.80	0.00
654.645200	1189.176900	534.531700	67.00	0.00
655.916300	1191.589200	535.672900	67.20	0.00
657.184500	1193.997100	536.812600	67.40	0.00
658.449700	1196.400300	537.950600	67.60	0.00
659.712200	1198.799100	539.086900	67.80	0.00
660.971600	1201.193100	540.221500	68.00	0.00
662.228100	1203.582500	541.354400	68.20	0.00
663.481800	1205.967500	542.485700	68.40	0.00
664.732500	1208.347900	543.615400	68.60	0.00
665.980300	1210.723600	544.743300	68.80	0.00
667.225200	1213.094700	545.869500	69.00	0.00
668.467200	1215.461300	546.994100	69.20	0.00
669.706400	1217.823400	548.117000	69.40	0.00
670.942600	1220.180800	549.238200	69.60	0.00
672.175900	1222.533600	550.357700	69.80	0.00
673.406300	1224.881700	551.475400	70.00	0.00
674.633800	1227.225500	552.591700	70.20	0.00
675.858400	1229.564600	553.706200	70.40	0.00
677.080000	1231.898900	554.818900	70.60	0.00
678.298800	1234.228900	555.930100	70.80	0.00
679.514700	1236.554000	557.039300	71.00	0.00
680.727600	1238.874500	558.146900	71.20	0.00
681.937700	1241.190600	559.252900	71.40	0.00
683.144900	1243.501800	560.356900	71.60	0.00
684.349200	1245.808300	561.459100	71.80	0.00
685.550500	1248.110400	562.559900	72.00	0.00
686.749000	1250.407300	563.658300	72.20	0.00
687.944600	1252.700000	564.755400	72.40	0.00
689.137100	1254.987700	565.850600	72.60	0.00
690.326800	1257.270800	566.944000	72.80	0.00
691.513500	1259.548800	568.035300	73.00	0.00
692.697200	1261.822300	569.125100	73.20	0.00
693.878000	1264.090900	570.212900	73.40	0.00
695.055700	1266.354600	571.298900	73.60	0.00
696.230500	1266.905600	570.675100	73.80	0.00
697.402200	1267.209400	569.807200	74.00	0.00
698.571000	1267.513400	568.942400	74.20	0.00
699.736700	1267.818400	568.081700	74.40	0.00
700.899400	1268.123700	567.224300	74.60	0.00
702.059100	1268.429700	566.370600	74.80	0.00
703.215900	1268.736300	565.520400	75.00	0.00
704.369600	1269.043500	564.673900	75.20	0.00
705.520500	1269.351200	563.830700	75.40	0.00
706.668400	1269.659700	562.991300	75.60	0.00
707.813400	1269.968500	562.155100	75.80	0.00
708.955400	1270.278000	561.322600	76.00	0.00
710.094500	1270.588100	560.493600	76.20	0.00
711.230800	1270.898800	559.668000	76.40	0.00
712.364100	1271.210100	558.846000	76.60	0.00
713.494600	1271.521900	558.027300	76.80	0.00
714.622100	1271.834200	557.212100	77.00	0.00
715.746800	1272.147200	556.400400	77.20	0.00
716.868500	1272.460800	555.592300	77.40	0.00
717.987400	1272.774900	554.787500	77.60	0.00
719.103500	1273.089600	553.986100	77.80	0.00
720.216500	1273.404800	553.188300	78.00	0.00
721.326600	1273.720700	552.394100	78.20	0.00
722.433900	1274.037000	551.603100	78.40	0.00
723.538300	1274.353900	550.815600	78.60	0.00
724.639800	1274.671400	550.031600	78.80	0.00
725.738300	1274.989500	549.251200	79.00	0.00
726.833900	1275.308100	548.474200	79.20	0.00
727.926600	1275.627300	547.700700	79.40	0.00
729.016200	1275.947000	546.930800	79.60	0.00
730.102800	1276.267200	546.164400	79.80	0.00
731.186500	1276.588000	545.401500	80.00	0.00
732.267100	1276.909400	544.642300	80.20	0.00
733.344600	1277.231300	543.886700	80.40	0.00
734.419000	1277.553700	543.134700	80.60	0.00
735.490400	1277.876700	542.386300	80.80	0.00
736.558600	1278.200300	541.641700	81.00	0.00
737.623700	1278.524400	540.900700	81.20	0.00
738.685800	1278.849000	540.163200	81.40	0.00
739.744800	1279.174100	539.429300	81.60	0.00
740.800700	1279.499900	538.699200	81.80	0.00
741.853600	1279.826000	537.972400	82.00	0.00
742.903500	1280.152700	537.249200	82.20	0.00
743.950400	1280.480100	536.529700	82.40	0.00
744.994300	1280.807900	535.813600	82.60	0.00
746.035300	1281.136200	535.100900	82.80	0.00
747.073200	1281.465100	534.391900	83.00	0.00
748.108200	1281.794400	533.686200	83.20	0.00
749.140100	1282.124400	532.984300	83.40	0.00
750.168800	1282.454800	532.286000	83.60	0.00
751.194500	1282.785800	531.591300	83.80	0.00
752.217000	1283.117200	530.900200	84.00	0.00
753.236300	1283.449200	530.212900	84.20	0.00
754.252200	1283.781700	529.529500	84.40	0.00
755.264800	1284.114700	528.849900	84.60	0.00
756.274100	1284.448200	528.174100	84.80	0.00
757.280200	1284.782200	527.502000	85.00	0.00
758.283000	1285.116700	526.833700	85.20	0.00
759.282700	1285.451800	526.169100	85.40	0.00
760.279500	1285.787400	525.507900	85.60	0.00
761.273300	1286.123400	524.850100	85.80	0.00
762.264200	1286.459800	524.195600	86.00	0.00
763.252300	1286.796900	523.544600	86.20	0.00
764.237700	1287.134400	522.896700	86.40	0.00
765.220300	1287.472400	522.252100	86.60	0.00
766.200000	1287.811000	521.611000	86.80	0.00
767.176500	1288.150000	520.973500	87.00	0.00
768.149500	1288.489500	520.340000	87.20	0.00
769.118500	1288.829500	519.711000	87.40	0.00
770.082500	1289.169900	519.087400	87.60	0.00
771.040000	1289.511000	518.471000	87.80	0.00
771.991600	1289.852400	517.860800	88.00	0.00
772.940100	1290.194300	517.254200	88.20	0.00
773.886200	1290.536700	516.650500	88.40	0.00
774.830400	1290.879600	516.049200	88.60	0.00
775.772800	1291.223000	515.450200	88.80	0.00
776.713600	1291.566900	514.853300	89.00	0.00
777.653000	1291.911100	514.258100	89.20	0.00
778.591100	1292.255900	513.664800	89.40	0.00
779.527800	1292.601200	513.073400	89.60	0.00
780.463400	1292.946900	512.483500	89.80	0.00
781.397800	1293.293000	511.895200	90.00	0.00
782.331100	1293.639800	511.308700	90.20	0.00
783.263400	1293.986800	510.723400	90.40	0.00
784.194600	1294.334400	510.139800	90.60	0.00
785.125000	1294.682500	509.557500	90.80	0.00
786.054400	1295.030900	508.976500	91.00	0.00
786.982800	1295.379900	508.397100	91.20	0.00
787.910500	1295.729200	507.818700	91.40	0.00
788.837300	1296.079200	507.241900	91.60	0.00
789.763400	1296.429600	506.666200	91.80	0.00
790.688800	1296.780300	506.091500	92.00	0.00
791.613700	1297.131500	505.517800	92.20	0.00
792.537900	1297.483200	504.945300	92.40	0.00
793.461500	1297.835200	504.373700	92.60	0.00
794.384600	1298.187700	503.803100	92.80	0.00
795.307200	1298.540600	503.233400	93.00	0.00
796.229100	1298.894200	502.665100	93.20	0.00
797.150700	1299.248000	502.097300	93.40	0.00
798.071500	1299.602300	501.530800	93.60	0.00
798.991800	1299.957000	500.965200	93.80	0.00
799.911400	1300.312300	500.400900	94.00	0.00
800.830300	1300.667800	499.837500	94.20	0.00
801.748500	1301.023800	499.275300	94.40	0.00
802.665900	1301.380200	498.714300	94.60	0.00
803.582500	1301.737200	498.154700	94.80	0.00
804.498000	1302.094600	497.596600	95.00	0.00
805.412600	1302.452300	497.039700	95.20	0.00
806.326200	1302.810400	496.484200	95.40	0.00
807.238700	1303.169100	495.930400	95.60	0.00
808.150300	1303.528100	495.377800	95.80	0.00
809.060900	1303.887300	494.826400	96.00	0.00
809.970400	1304.247200	494.276800	96.20	0.00
810.879000	1304.607400	493.728400	96.40	0.00
811.786500	1304.968100	493.181600	96.60	0.00
812.693100	1305.329200	492.636100	96.80	0.00
813.598400	1305.690600	492.092200	97.00	0.00
814.502800	1306.052500	491.549700	97.20	0.00
815.406100	1306.414800	491.008700	97.40	0.00
816.308200	1306.777500	490.469300	97.60	0.00
817.209300	1307.140500	489.931200	97.80	0.00
818.109100	1307.504000	489.394900	98.00	0.00
819.007800	1307.867900	488.860100	98.20	0.00
819.905300	1308.232200	488.326900	98.40	0.00
820.801600	1308.596800	487.795200	98.60	0.00
821.696700	1308.961900	487.265200	98.80	0.00
822.590500	1309.327300	486.736800	99.00	0.00
823.483000	1309.693200	486.210200	99.20	0.00
824.374300	1310.059400	485.685100	99.40	0.00
825.264300	1310.426000	485.161700	99.60	0.00
826.153600	1310.793100	484.639500	99.80	0.00
827.042700	1311.160400	484.117700	100.00	0.00
827.931800	1311.528200	483.596400	100.20	0.00
828.821000	1311.896400	483.075400	100.40	0.00
829.710100	1312.264800	482.554700	100.60	0.00
830.599200	1312.633800	482.034600	100.80	0.00
831.488300	1313.003100	481.514800	101.00	0.00
832.377500	1313.372700	480.995200	101.20	0.00
833.266700	1313.742800	480.476100	101.40	0.00
834.155800	1314.113000	479.957200	101.60	0.00
835.044900	1314.483900	479.439000	101.80	0.00
835.934000	1314.855000	478.921000	102.00	0.00
836.823100	1315.226400	478.403300	102.20	0.00
837.712300	1315.598300	477.886000	102.40	0.00
838.601400	1315.970500	477.369100	102.60	0.00
839.490500	1316.343100	476.852600	102.80	0.00
840.379700	1316.716100	476.336400	103.00	0.00
841.268800	1317.089200	475.820400	103.20	0.00
842.158000	1317.462900	475.304900	103.40	0.00
843.047100	1317.836900	474.789800	103.60	0.00
843.936300	1318.211300	474.275000	103.80	0.00
844.825400	1318.585900	473.760500	104.00	0.00
845.714500	1318.961100	473.246600	104.20	0.00
846.603600	1319.336300	472.732700	104.40	0.00
847.492800	1319.712000	472.219200	104.60	0.00
848.382000	1320.088100	471.706100	104.80	0.00
849.271100	1320.464600	471.193500	105.00	0.00
850.160200	1320.841300	470.681100	105.20	0.00
851.049300	1321.218400	470.169100	105.40	0.00
851.938400	1321.595800	469.657400	105.60	0.00
852.827600	1321.973600	469.146000	105.80	0.00
853.716700	1322.351700	468.635000	106.00	0.00
854.605800	1322.730100	468.124300	106.20	0.00
855.495000	1323.108900	467.613900	106.40	0.00
856.384100	1323.487900	467.103800	106.60	0.00
857.273300	1323.867300	466.594000	106.80	0.00
858.162400	1324.247100	466.084700	107.00	0.00
859.051500	1324.627100	465.575600	107.20	0.00
859.940700	1325.007400	465.066700	107.40	0.00
860.829800	1325.388200	464.558400	107.60	0.00
861.718900	1325.769200	464.050300	107.80	0.00
862.608100	1326.150500	463.542400	108.00	0.00
863.497200	1326.532100	463.034900	108.20	0.00
864.386300	1326.914100	462.527800	108.40	0.00
865.275400	1327.296300	462.020900	108.60	0.00
866.164600	1327.679000	461.514400	108.80	0.00
867.053700	1328.061900	461.008200	109.00	0.00
867.942800	1328.444900	460.502100	109.20	0.00
868.832000	1328.828500	459.996500	109.40	0.00
869.721100	1329.212300	459.491200	109.60	0.00
870.610200	1329.596400	458.986200	109.80	0.00
871.499400	1329.980700	458.481300	110.00	0.00
872.388500	1330.365500	457.977000	110.20	0.00
873.277600	1330.750400	457.472800	110.40	0.00
874.166800	1331.135100	456.968300	110.60	0.00
875.056000	1331.520000	456.464000	110.80	0.00
875.945100	1331.904900	455.959800	111.00	0.00
876.834200	1332.289700	455.455500	111.20	0.00
877.723300	1332.674600	454.951300	111.40	0.00
878.612500	1333.059300	454.446800	111.60	0.00
879.501600	1333.444200	453.942600	111.80	0.00
880.390700	1333.829100	453.438400	112.00	0.00
881.279800	1334.213900	452.934100	112.20	0.00
882.169000	1334.598600	452.429600	112.40	0.00
883.058100	1334.983300	451.925200	112.60	0.00
883.947300	1335.368200	451.420900	112.80	0.00
884.836400	1335.752900	450.916500	113.00	0.00
885.725500	1336.137600	450.412100	113.20	0.00
886.614700	1336.522200	449.907500	113.40	0.00
887.503800	1336.907000	449.403200	113.60	0.00
888.392900	1337.291600	448.898700	113.80	0.00
889.282000	1337.676100	448.394100	114.00	0.00
890.171200	1338.060900	447.889700	114.20	0.00
891.060400	1338.445400	447.385000	114.40	0.00
891.949500	1338.830000	446.880500	114.60	0.00
892.838600	1339.214500	446.375900	114.80	0.00
893.727700	1339.599000	445.871300	115.00	0.00
894.616800	1339.983400	445.366600	115.20	0.00
895.506000	1340.367800	444.861800	115.40	0.00
896.395100	1340.752100	444.357000	115.60	0.00
897.284200	1341.136500	443.852300	115.80	0.00
898.173400	1341.520800	443.347400	116.00	0.00
899.062500	1341.904900	442.842400	116.20	0.00
899.951700	1342.289200	442.337500	116.40	0.00
900.840800	1342.673300	441.832500	116.60	0.00
901.730000	1343.057500	441.327500	116.80	0.00
902.619100	1343.441400	440.822300	117.00	0.00
903.508200	1343.825300	440.317100	117.20	0.00
904.397300	1344.209400	439.812100	117.40	0.00
905.286500	1344.593300	439.306800	117.60	0.00
906.175700	1344.977100	438.801400	117.80	0.00
907.064800	1345.360800	438.296000	118.00	0.00
907.953900	1345.744500	437.790600	118.20	0.00
908.843000	1346.128100	437.285100	118.40	0.00
909.732100	1346.511600	436.779500	118.60	0.00
910.621300	1346.895100	436.273800	118.80	0.00
911.510400	1347.278400	435.768000	119.00	0.00
912.399500	1347.661700	435.262200	119.20	0.00
913.288700	1348.045000	434.756300	119.40	0.00
914.177800	1348.428100	434.250300	119.60	0.00
915.067000	1348.811300	433.744300	119.80	0.00
915.956100	1349.194200	433.238100	120.00	0.00
916.845200	1349.577100	432.731900	120.20	0.00
917.734400	1349.960000	432.225600	120.40	0.00
918.623500	1350.342700	431.719200	120.60	0.00
919.512600	1350.725200	431.212600	120.80	0.00
920.401800	1351.107800	430.706000	121.00	0.00
921.290900	1351.490200	430.199300	121.20	0.00
922.180000	1351.872400	429.692400	121.40	0.00
923.069200	1352.254800	429.185600	121.60	0.00
923.958300	1352.636800	428.678500	121.80	0.00
924.847400	1353.018700	428.171300	122.00	0.00
925.736600	1353.400600	427.664000	122.20	0.00
926.625700	1353.782300	427.156600	122.40	0.00
927.514800	1354.163900	426.649100	122.60	0.00
928.404000	1354.545500	426.141500	122.80	0.00
929.293100	1354.926800	425.633700	123.00	0.00
930.182200	1355.308000	425.125800	123.20	0.00
931.071400	1355.689100	424.617700	123.40	0.00
931.960500	1356.069900	424.109400	123.60	0.00
932.849600	1356.450800	423.601200	123.80	0.00
933.738800	1356.831400	423.092600	124.00	0.00
934.627900	1357.211900	422.584000	124.20	0.00
935.517000	1357.592200	422.075200	124.40	0.00
936.406100	1357.972400	421.566300	124.60	0.00
937.295300	1358.352300	421.057000	124.80	0.00
938.184400	1358.732200	420.547800	125.00	0.00
939.073500	1359.111800	420.038300	125.20	0.00
939.962700	1359.491300	419.528600	125.40	0.00
940.851800	1359.870600	419.018800	125.60	0.00
941.740900	1360.249800	418.508900	125.80	0.00
942.630100	1360.628700	417.998600	126.00	0.00
943.519200	1361.007400	417.488200	126.20	0.00
944.408300	1361.386000	416.977700	126.40	0.00
945.297500	1361.764300	416.466800	126.60	0.00
946.186600	1362.142500	415.955900	126.80	0.00
947.075700	1362.520300	415.444600	127.00	0.00
947.964800	1362.897900	414.933100	127.20	0.00
948.854100	1363.275400	414.421300	127.40	0.00
949.743200	1363.652600	413.909400	127.60	0.00
950.632300	1364.029500	413.397200	127.80	0.00
951.521400	1364.406400	412.885000	128.00	0.00
952.410500	1364.783000	412.372500	128.20	0.00
953.299600	1365.159200	411.859600	128.40	0.00
954.188800	1365.535200	411.346400	128.60	0.00
955.077900	1365.910900	410.833000	128.80	0.00
955.967000	1366.286300	410.319300	129.00	0.00
956.856300	1366.661400	409.805100	129.20	0.00
957.745400	1367.036400	409.291000	129.40	0.00
958.634600	1367.411000	408.776400	129.60	0.00
959.523700	1367.785300	408.261600	129.80	0.00
960.412800	1368.159300	407.746500	130.00	0.00
961.301900	1368.533100	407.231200	130.20	0.00
962.191000	1356.846700	394.655700	130.40	0.00
963.080200	1357.614900	394.534700	130.60	0.00
963.969300	1358.371800	394.402500	130.80	0.00
964.858500	1359.119400	394.260900	131.00	0.00
965.747600	1359.858900	394.111300	131.20	0.00
966.636700	1360.591100	393.954400	131.40	0.00
967.525900	1361.316400	393.790500	131.60	0.00
968.415000	1362.035400	393.620400	131.80	0.00
969.304100	1362.748300	393.444200	132.00	0.00
970.193200	1363.455400	393.262200	132.20	0.00
971.082400	1364.157000	393.074600	132.40	0.00
971.971500	1364.853300	392.881800	132.60	0.00
972.860700	1365.544200	392.683500	132.80	0.00
973.749800	1366.229900	392.480100	133.00	0.00
974.638900	1366.910400	392.271500	133.20	0.00
975.528000	1367.585900	392.057900	133.40	0.00
976.417200	1368.256600	391.839400	133.60	0.00
977.306300	1368.922100	391.615800	133.80	0.00
978.195400	1369.582800	391.387400	134.00	0.00
979.084600	1370.238500	391.153900	134.20	0.00
979.973700	1370.889800	390.916100	134.40	0.00
980.862900	1371.536400	390.673500	134.60	0.00
981.752000	1372.178600	390.426600	134.80	0.00
982.641100	1372.816300	390.175200	135.00	0.00
983.530200	1373.449800	389.919600	135.20	0.00
984.419300	1374.079000	389.659700	135.40	0.00
985.308500	1374.704100	389.395600	135.60	0.00
986.197600	1375.325100	389.127500	135.80	0.00
987.086700	1375.941800	388.855100	136.00	0.00
987.976000	1376.554200	388.578200	136.20	0.00
988.865100	1377.162600	388.297500	136.40	0.00
989.754300	1377.767000	388.012700	136.60	0.00
990.643400	1378.367100	387.723700	136.80	0.00
991.532500	1378.963300	387.430800	137.00	0.00
992.421600	1379.555500	387.133900	137.20	0.00
993.310700	1380.143800	386.833100	137.40	0.00
994.199800	1380.728100	386.528300	137.60	0.00
995.088900	1381.308600	386.219700	137.80	0.00
995.978100	1381.885100	385.907000	138.00	0.00
996.867200	1382.457800	385.590600	138.20	0.00
997.756300	1383.026600	385.270300	138.40	0.00
998.645600	1383.591700	384.946100	138.60	0.00
999.534700	1384.152700	384.618000	138.80	0.00
1000.423800	1384.550200	384.126400	139.00	0.00
1001.312900	1384.901200	383.588300	139.20	0.00
1002.202100	1385.251300	383.049200	139.40	0.00
1003.091200	1385.600700	382.509500	139.60	0.00
1003.980400	1385.949500	381.969100	139.80	0.00
1004.869500	1386.297200	381.427700	140.00	0.00
1005.758600	1386.644300	380.885700	140.20	0.00
1006.647700	1386.990500	380.342800	140.40	0.00
1007.536900	1387.335800	379.798900	140.60	0.00
1008.426000	1387.680200	379.254200	140.80	0.00
1009.315100	1388.023800	378.708700	141.00	0.00
1010.204300	1388.366500	378.162200	141.20	0.00
1011.093400	1388.708400	377.615000	141.40	0.00
1011.982600	1389.049300	377.066700	141.60	0.00
1012.871700	1389.389200	376.517500	141.80	0.00
1013.760800	1389.728100	375.967300	142.00	0.00
1014.649900	1390.066200	375.416300	142.20	0.00
1015.539000	1390.403200	374.864200	142.40	0.00
1016.428200	1390.739300	374.311100	142.60	0.00
1017.317300	1391.074300	373.757000	142.80	0.00
1018.206500	1391.408300	373.201800	143.00	0.00
1019.095600	1391.741300	372.645700	143.20	0.00
1019.984700	1392.073400	372.088700	143.40	0.00
1020.874000	1392.404300	371.530300	143.60	0.00
1021.763100	1392.734000	370.970900	143.80	0.00
1022.652200	1393.062700	370.410500	144.00	0.00
1023.541300	1393.390400	369.849100	144.20	0.00
1024.430300	1393.716800	369.286500	144.40	0.00
1025.319600	1394.042100	368.722500	144.60	0.00
1026.208600	1394.366000	368.157400	144.80	0.00
1178.473300	1394.688700	216.215400	145.00	0.00
1179.140000	1395.010100	215.870100	145.20	0.00
1179.786000	1395.330100	215.544100	145.40	0.00
1180.217900	1395.648800	215.430900	145.60	0.00
1180.559700	1395.966300	215.406600	145.80	0.00
1180.900600	1396.282200	215.381600	146.00	0.00
1181.240400	1396.596800	215.356400	146.20	0.00
1181.579200	1396.909900	215.330700	146.40	0.00
1181.917000	1397.221700	215.304700	146.60	0.00
1182.253800	1397.532000	215.278200	146.80	0.00
1182.589400	1397.840700	215.251300	147.00	0.00
1182.924000	1398.148100	215.224100	147.20	0.00
1183.257400	1398.454000	215.196600	147.40	0.00
1183.589700	1398.758500	215.168800	147.60	0.00
1183.921000	1399.061600	215.140600	147.80	0.00
1184.251000	1399.363300	215.112300	148.00	0.00
1184.579800	1399.663500	215.083700	148.20	0.00
1184.907500	1399.962200	215.054700	148.40	0.00
1185.233800	1400.259600	215.025800	148.60	0.00
1185.558700	1400.555700	214.997000	148.80	0.00
1185.882200	1400.850100	214.967900	149.00	0.00
1186.204500	1401.143100	214.938600	149.20	0.00
1186.525100	1401.434700	214.909600	149.40	0.00
1186.844500	1401.724700	214.880200	149.60	0.00
1187.162100	1402.013200	214.851100	149.80	0.00
1187.478400	1402.300300	214.821900	150.00	0.00
1187.793000	1402.585700	214.792700	150.20	0.00
1188.106100	1402.869600	214.763500	150.40	0.00
1188.417500	1403.152000	214.734500	150.60	0.00
1188.727300	1403.432900	214.705600	150.80	0.00
1189.035500	1403.712200	214.676700	151.00	0.00
1189.342200	1403.989900	214.647700	151.20	0.00
1189.647100	1404.265900	214.618800	151.40	0.00
1189.950600	1404.540400	214.589800	151.60	0.00
1190.252300	1404.813200	214.560900	151.80	0.00
1190.552600	1405.084600	214.532000	152.00	0.00
1190.851200	1405.354100	214.502900	152.20	0.00
1191.148300	1405.621900	214.473600	152.40	0.00
1191.443800	1405.888300	214.444500	152.60	0.00
1191.737500	1406.152800	214.415300	152.80	0.00
1192.029800	1406.415900	214.386100	153.00	0.00
1192.320300	1406.677100	214.356800	153.20	0.00
1192.609100	1406.936800	214.327700	153.40	0.00
1192.896400	1407.194600	214.298200	153.60	0.00
1193.181800	1407.450700	214.268900	153.80	0.00
1193.465500	1407.705100	214.239600	154.00	0.00
1193.747400	1407.957900	214.210500	154.20	0.00
1194.027700	1408.208900	214.181200	154.40	0.00
1194.306200	1408.458100	214.151900	154.60	0.00
1194.582800	1408.705600	214.122800	154.80	0.00
1194.857700	1408.951300	214.093600	155.00	0.00
1195.130600	1409.195300	214.064700	155.20	0.00
1195.401700	1409.437500	214.035800	155.40	0.00
1195.671100	1409.678000	214.006900	155.60	0.00
1195.938600	1409.916700	213.978100	155.80	0.00
1196.204200	1410.153600	213.949400	156.00	0.00
1196.467900	1410.388800	213.920900	156.20	0.00
1196.729600	1410.621900	213.892300	156.40	0.00
1196.989600	1410.853500	213.863900	156.60	0.00
1197.247600	1411.083300	213.835700	156.80	0.00
1197.503700	1411.311000	213.807300	157.00	0.00
1197.757700	1411.537200	213.779500	157.20	0.00
1198.009900	1411.761400	213.751500	157.40	0.00
1198.260100	1411.983800	213.723700	157.60	0.00
1198.508300	1412.204300	213.696000	157.80	0.00
1198.754600	1412.423000	213.668400	158.00	0.00
1198.998800	1412.639900	213.641100	158.20	0.00
1199.241000	1412.854900	213.613900	158.40	0.00
1199.481200	1413.068000	213.586800	158.60	0.00
1199.719500	1413.279300	213.559800	158.80	0.00
1199.955700	1413.488800	213.533100	159.00	0.00
1200.189800	1413.696400	213.506600	159.20	0.00
1200.421900	1413.902100	213.480200	159.40	0.00
1200.652000	1414.106200	213.454200	159.60	0.00
1200.880000	1414.308200	213.428200	159.80	0.00
1201.106000	1414.508400	213.402400	160.00	0.00
1201.329800	1414.706700	213.376900	160.20	0.00
1201.551500	1414.903200	213.351700	160.40	0.00
1201.771100	1415.097700	213.326600	160.60	0.00
1201.988600	1415.290300	213.301700	160.80	0.00
1202.204100	1415.481000	213.276900	161.00	0.00
1202.417500	1415.669800	213.252300	161.20	0.00
1202.628700	1415.856600	213.227900	161.40	0.00
1202.837900	1416.041400	213.203500	161.60	0.00
1203.044900	1416.224400	213.179500	161.80	0.00
1203.249900	1416.405300	213.155400	162.00	0.00
1203.452800	1416.584500	213.131700	162.20	0.00
1203.653400	1416.761600	213.108200	162.40	0.00
1203.852200	1416.936800	213.084600	162.60	0.00
1204.048500	1417.110100	213.061600	162.80	0.00
1204.242800	1417.281400	213.038600	163.00	0.00
1204.434900	1417.450700	213.015800	163.20	0.00
1204.624800	1417.618000	212.993200	163.40	0.00
1204.812500	1417.783600	212.971100	163.60	0.00
1204.997900	1417.947300	212.949400	163.80	0.00
1205.181200	1418.108800	212.927600	164.00	0.00
1205.362200	1418.268400	212.906200	164.20	0.00
1205.541100	1418.426100	212.885000	164.40	0.00
1205.717700	1418.581900	212.864200	164.60	0.00
1205.892100	1418.735800	212.843700	164.80	0.00
1206.064300	1418.887600	212.823300	165.00	0.00
1206.234300	1419.037500	212.803200	165.20	0.00
1206.402100	1419.185400	212.783300	165.40	0.00
1206.567700	1419.331400	212.763700	165.60	0.00
1206.731100	1419.475300	212.744200	165.80	0.00
1206.892200	1419.617300	212.725100	166.00	0.00
1207.051100	1419.757300	212.706200	166.20	0.00
1207.207900	1419.895400	212.687500	166.40	0.00
1207.362400	1420.031500	212.669100	166.60	0.00
1207.514600	1420.165500	212.650900	166.80	0.00
1207.664700	1420.297700	212.633000	167.00	0.00
1207.812500	1420.427700	212.615200	167.20	0.00
1207.958000	1420.555900	212.597900	167.40	0.00
1208.101300	1420.682000	212.580700	167.60	0.00
1208.242300	1420.806300	212.564000	167.80	0.00
1208.381100	1420.928500	212.547400	168.00	0.00
1208.517700	1421.048600	212.530900	168.20	0.00
1208.651900	1421.166700	212.514800	168.40	0.00
1208.783900	1421.283000	212.499100	168.60	0.00
1208.913700	1421.397200	212.483500	168.80	0.00
1209.041100	1421.509400	212.468300	169.00	0.00
1209.166400	1421.619500	212.453100	169.20	0.00
1209.289400	1421.727800	212.438400	169.40	0.00
1209.410000	1421.833900	212.423900	169.60	0.00
1209.528400	1421.938000	212.409600	169.80	0.00
1209.644700	1422.040200	212.395500	170.00	0.00
1209.758500	1422.140400	212.381900	170.20	0.00
1209.870100	1422.238500	212.368400	170.40	0.00
1209.979500	1422.334700	212.355200	170.60	0.00
1210.086400	1422.428800	212.342400	170.80	0.00
1210.191300	1422.521000	212.329700	171.00	0.00
1210.293700	1422.611100	212.317400	171.20	0.00
1210.393900	1422.699200	212.305300	171.40	0.00
1210.491800	1422.785300	212.293500	171.60	0.00
1210.587400	1422.869400	212.282000	171.80	0.00
1210.680800	1422.951500	212.270700	172.00	0.00
1210.771700	1423.031600	212.259900	172.20	0.00
1210.860600	1423.109600	212.249000	172.40	0.00
1210.947000	1423.185700	212.238700	172.60	0.00
1211.031100	1423.259600	212.228500	172.80	0.00
1211.112900	1423.331700	212.218800	173.00	0.00
1211.192600	1423.401700	212.209100	173.20	0.00
1211.269900	1423.469600	212.199700	173.40	0.00
1211.344800	1423.535500	212.190700	173.60	0.00
1211.417500	1423.599500	212.182000	173.80	0.00
1211.488000	1423.661300	212.173300	174.00	0.00
1211.556000	1423.721200	212.165200	174.20	0.00
1211.621800	1423.779100	212.157300	174.40	0.00
1211.685300	1423.834700	212.149400	174.60	0.00
1211.746500	1423.888500	212.142000	174.80	0.00
1211.805400	1423.940300	212.134900	175.00	0.00
1211.861900	1423.990100	212.128200	175.20	0.00
1211.916300	1424.037700	212.121400	175.40	0.00
1211.968100	1424.083400	212.115300	175.60	0.00
1212.017700	1424.127100	212.109400	175.80	0.00
1212.065200	1424.168600	212.103400	176.00	0.00
1212.110200	1424.208300	212.098100	176.20	0.00
1212.152800	1424.245700	212.092900	176.40	0.00
1212.193400	1424.281400	212.088000	176.60	0.00
1212.231400	1424.314800	212.083400	176.80	0.00
1212.267200	1424.346300	212.079100	177.00	0.00
1212.300800	1424.375700	212.074900	177.20	0.00
1212.332000	1424.403200	212.071200	177.40	0.00
1212.360800	1424.428600	212.067800	177.60	0.00
1212.387500	1424.451900	212.064400	177.80	0.00
1212.411600	1424.473300	212.061700	178.00	0.00
1212.433600	1424.492600	212.059000	178.20	0.00
1212.453200	1424.509900	212.056700	178.40	0.00
1212.470600	1424.525100	212.054500	178.60	0.00
1212.485600	1424.538300	212.052700	178.80	0.00
1212.498400	1424.549400	212.051000	179.00	0.00
1212.508800	1424.558700	212.049900	179.20	0.00
1212.517000	1424.565800	212.048800	179.40	0.00
1212.522700	1424.570900	212.048200	179.60	0.00
1212.526200	1424.574000	212.047800	179.80	0.00
